image: map_190828.pgm
resolution: 0.050000
origin: [-16.200000, -30.600000, 0.000000]
negate: 0
occupied_thresh: 0.65
free_thresh: 0.196

